Clock(330,400)	LED(660,410)
1	0
0	0
1	0
0	0
1	0
0	0
1	0
0	0
1	0
0	0
1	0
0	0
1	0
0	0
1	0
0	0
1	1
0	1
1	0
0	0
1	1
0	1
1	0
0	0
1	1
0	1
1	0
0	0
1	1
0	1
1	0
0	0
1	1
0	1
1	0
0	0
1	1
0	1
1	0
0	0
1	1
0	1
1	0
0	0
1	1
0	1
1	0
0	0
1	1
0	1
1	0
0	0
1	1
0	1
1	0
0	0
1	1
0	1
1	0
0	0
1	1
0	1
1	0
0	0
1	1
0	1
1	0
0	0
1	1
0	1
1	0
0	0
1	1
0	1
1	0
0	0
1	1
0	1
1	0
0	0
1	1
0	1
1	0
0	0
1	1
0	1
1	0
0	0
1	1
0	1
1	0
0	0
1	1
0	1
1	0
1	0
0	0
1	1
0	1
1	0
0	0
1	1
0	1
1	0
0	0
1	1
0	1
1	0
